4294967278,39
4294967278,38
4294967278,37
4294967278,36
4294967278,35
4294967279,32
4294967294,30
4294967294,942
4294967294,941
4294967294,939
4294967294,938
4294967294,933
4294967294,922
4294967294,436
4294967294,318
4294967294,317
4294967294,316
4294967294,315
4294967294,60
4294967294,12
4294967279,286
4294967279,30
4294967279,29
4294967279,28
4294967279,27
4294967279,284
4294967279,24
4294967279,23
4294967279,22
4294967279,21
4294967279,20
4294967279,267
4294967279,19
4294967279,17
4294967279,15
4294967279,13
4294967279,12
4294967279,11
4294967279,533
4294967294,437
4294967279,143
25,6
4294967294,396
4294967294,395
4294967294,385
4294967294,407
4294967294,384
4294967294,415
4294967294,403
4294967294,444
4294967294,167
4294967294,398
4294967294,448
4294967294,404
4294967294,175
4294967294,164
4294967294,467
4294967294,457
4294967294,29
4294967278,341
4294967279,532
25,5
4294967279,139
25,4
25,3
25,2
25,1
4294967279,136
4294967294,41
4294967294,42
4294967294,424
4294967294,392
4294967294,389
4294967294,427
4294967294,387
4294967294,45
4294967279,135
4294967278,340
24,5
24,4
24,3
24,2
24,1
4294967294,51
4294967279,282
4294967294,52
4294967294,53
4294967279,263
4294967279,275
23,5
23,4
4294967279,261
23,3
23,2
23,1
4294967279,259
4294967279,531
4294967279,255
4294967294,85
4294967294,1414
4294967294,83
4294967294,903
4294967294,92
4294967294,91
4294967294,88
4294967294,86
4294967279,274
4294967279,530
22,5
4294967294,99
4294967294,107
4294967279,254
4294967279,253
22,4
4294967278,258
22,3
22,2
22,1
4294967278,339
4294967279,529
4294967278,257
4294967279,528
4294967294,120
4294967294,114
4294967278,338
4294967279,527
4294967279,526
4294967278,256
4294967278,337
4294967279,525
4294967278,336
4294967279,524
4294967278,335
4294967279,523
4294967278,334
4294967279,522
4294967279,521
4294967278,253
20,4
4294967278,250
20,3
20,2
20,1
4294967278,249
4294967278,248
4294967279,520
4294967279,260
4294967279,0
4294967294,468
4294967278,247
4294967278,245
4294967278,243
4294967294,469
4294967278,241
4294967278,333
4294967278,237
4294967294,8
4294967278,239
4294967279,519
4294967278,332
4294967278,132
4294967278,131
4294967278,130
4294967278,129
4294967278,128
4294967278,127
4294967278,126
4294967278,125
4294967278,124
4294967278,123
4294967278,122
4294967278,121
4294967278,120
4294967278,119
4294967278,118
4294967278,117
4294967278,116
4294967278,115
4294967278,114
4294967278,113
4294967278,112
4294967278,110
4294967278,109
4294967278,106
4294967278,105
4294967278,104
4294967278,103
4294967278,101
4294967278,100
4294967278,99
4294967278,98
4294967278,96
4294967278,94
4294967278,92
4294967278,91
4294967278,90
4294967278,89
4294967278,85
4294967278,82
4294967278,81
4294967278,80
4294967278,79
4294967278,77
4294967278,76
4294967278,75
4294967278,74
4294967278,70
4294967278,69
4294967278,62
4294967278,60
4294967278,59
4294967278,58
4294967278,57
4294967278,56
4294967278,55
4294967278,54
4294967278,53
4294967278,52
4294967278,51
4294967278,50
4294967278,300
4294967278,49
4294967278,48
4294967278,47
4294967278,46
4294967278,45
4294967278,44
4294967278,43
4294967278,42
4294967278,41
4294967278,40
4294967279,518
4294967279,31
4294967279,26
4294967279,25
4294967279,18
4294967279,278
4294967279,16
4294967279,14
4294967279,276
4294967279,10
4294967279,9
4294967279,8
4294967279,7
4294967279,6
4294967279,5
4294967279,4
4294967278,234
4294967278,111
4294967278,232
4294967278,233
4294967278,230
19,6
4294967278,107
4294967278,224
4294967278,108
4294967278,227
4294967278,225
19,5
4294967278,222
4294967278,220
19,4
19,3
19,2
19,1
4294967278,218
4294967278,216
4294967278,102
4294967278,214
4294967278,215
4294967279,517
4294967278,213
18,5
4294967278,211
18,4
4294967278,210
18,3
18,2
18,1
4294967278,331
4294967278,97
4294967278,209
4294967279,516
4294967294,393
4294967278,330
4294967278,95
4294967279,515
4294967278,329
4294967278,93
4294967279,514
4294967278,204
4294967278,203
4294967278,200
4294967278,202
17,5
17,4
4294967278,201
17,3
17,2
17,1
4294967278,328
4294967278,87
4294967279,513
4294967278,327
4294967278,86
4294967278,196
4294967294,1415
4294967294,399
4294967294,420
4294967294,948
4294967294,178
4294967294,414
4294967294,108
4294967294,400
4294967294,191
4294967279,512
4294967278,326
4294967278,84
4294967278,325
4294967278,83
16,5
4294967294,1413
4294967294,899
4294967294,967
4294967294,909
4294967294,7
4294967278,195
4294967278,194
16,4
16,3
16,2
16,1
4294967279,319
4294967278,193
4294967278,192
4294967278,191
4294967278,324
4294967278,78
4294967279,318
4294967279,317
4294967278,190
4294967278,188
4294967278,187
4294967278,323
4294967278,73
4294967278,186
4294967294,22
4294967294,17
4294967294,76
4294967294,1
4294967294,904
4294967294,186
